[[0.00613 0.00524 0.00579 0.00490 0.00211 0.00122 0.00177 0.00088]
 [0.00406 0.00146 -0.00160 -0.00420 0.00441 0.00181 -0.00125 -0.00385]
 [-0.03383 -0.04185 -0.03196 -0.03998 -0.03350 -0.04152 -0.03163 -0.03965]]
[[0.64929 0.39448 0.74631 0.49150 0.72912 0.47431 0.82615 0.57134]
 [-0.76863 -0.67593 -0.60351 -0.51081 -0.51552 -0.42281 -0.35039 -0.25769]
 [3.01923 3.04359 3.40574 3.43010 2.89105 2.91541 3.27756 3.30192]]
[[0.15423 0.28514 0.12310 0.25401 -0.12704 0.00388 -0.15817 -0.02725]
 [0.57592 0.35803 0.30006 0.08217 0.47231 0.25442 0.19645 -0.02144]
 [-3.88668 -4.03289 -3.50346 -3.64968 -3.98411 -4.13033 -3.60089 -3.74711]]
[[1.24546 1.37038 1.14504 1.26997 0.97233 1.09726 0.87191 0.99684]
 [-0.68935 -0.92137 -0.91771 -1.14973 -0.77236 -1.00438 -1.00072 -1.23274]
 [-6.56032 -6.67415 -6.20507 -6.31891 -6.69088 -6.80472 -6.33564 -6.44947]]
[[0.40557 0.17721 0.40666 0.17831 0.06524 -0.16312 0.06633 -0.16202]
 [-0.62111 -0.77602 -0.86607 -1.02099 -0.39131 -0.54622 -0.63627 -0.79119]
 [-5.26474 -5.43213 -5.03953 -5.20691 -5.01313 -5.18052 -4.78792 -4.95531]]
[[0.75672 0.46398 0.68954 0.39679 0.79887 0.50612 0.73168 0.43893]
 [0.07568 0.12969 -0.15808 -0.10407 0.35600 0.41001 0.12224 0.17625]
 [-3.63193 -3.64892 -3.21753 -3.23452 -3.46697 -3.48396 -3.05257 -3.06956]]
